0 0.016340 0.671605 0.029412 0.158025
0 0.146242 0.656790 0.102941 0.197531
0 0.043301 0.516049 0.031046 0.113580
0 0.086601 0.469136 0.032680 0.083951
0 0.016340 0.465432 0.016340 0.071605
0 0.125000 0.439506 0.050654 0.088889
0 0.099673 0.444444 0.026144 0.064198
0 0.036765 0.401235 0.070261 0.081481
0 0.031046 0.425926 0.055556 0.056790
0 0.129085 0.328395 0.039216 0.079012
0 0.106209 0.313580 0.019608 0.079012
0 0.191993 0.513580 0.060458 0.118519
0 0.204248 0.417284 0.039216 0.079012
0 0.288399 0.570370 0.076797 0.143210
0 0.348856 0.418519 0.044118 0.071605
0 0.313725 0.453086 0.055556 0.066667
0 0.294118 0.490123 0.052288 0.061728
0 0.314542 0.546914 0.060458 0.061728
0 0.468137 0.511111 0.047386 0.093827
0 0.534314 0.504938 0.035948 0.101235
0 0.466503 0.417284 0.050654 0.064198
0 0.500000 0.303704 0.026144 0.049383
0 0.450980 0.290123 0.019608 0.046914
0 0.349673 0.313580 0.032680 0.069136
0 0.293301 0.372840 0.021242 0.069136
0 0.227124 0.291358 0.016340 0.044444
0 0.248366 0.277778 0.029412 0.041975
0 0.884804 0.718519 0.060458 0.182716
0 0.850490 0.640741 0.057190 0.125926
0 0.723856 0.750617 0.101307 0.187654
0 0.632353 0.762963 0.071895 0.128395
0 0.573529 0.533333 0.062092 0.108642
0 0.565359 0.319753 0.035948 0.046914
0 0.655229 0.266667 0.039216 0.034568
0 0.707516 0.291358 0.016340 0.039506
0 0.682190 0.349383 0.034314 0.056790
0 0.695261 0.445679 0.044118 0.111111
0 0.663399 0.523457 0.055556 0.103704
0 0.664216 0.491358 0.024510 0.064198
0 0.722222 0.508642 0.049020 0.108642
0 0.750817 0.512346 0.027778 0.091358
0 0.801471 0.483951 0.060458 0.088889
0 0.761438 0.462963 0.032680 0.081481
0 0.775327 0.335802 0.021242 0.044444
0 0.822712 0.314815 0.021242 0.041975
0 0.840686 0.283951 0.021242 0.039506
0 0.860294 0.387654 0.037582 0.069136
0 0.911765 0.404938 0.052288 0.079012
0 0.959150 0.453086 0.026144 0.071605
0 0.949346 0.516049 0.058824 0.069136
