0 0.525781 0.613542 0.140625 0.154167
0 0.344531 0.604167 0.054688 0.104167
0 0.150781 0.691146 0.109375 0.113542
0 0.491406 0.869792 0.142187 0.260417
0 0.928125 0.822396 0.143750 0.244792
0 0.837500 0.594271 0.070312 0.086458
0 0.980469 0.489063 0.039062 0.051042
0 0.825391 0.495312 0.039844 0.034375
0 0.764844 0.489063 0.020313 0.036458
0 0.553516 0.507292 0.047656 0.037500
0 0.605859 0.495833 0.021094 0.047917
0 0.623437 0.492708 0.018750 0.047917
0 0.651953 0.498958 0.028906 0.047917
0 0.427734 0.490625 0.030469 0.039583
0 0.271484 0.506771 0.044531 0.038542
0 0.154297 0.591667 0.086719 0.066667
0 0.174219 0.542708 0.031250 0.064583
0 0.089063 0.572396 0.071875 0.059375
0 0.050781 0.595313 0.092188 0.086458
0 0.025000 0.650000 0.048438 0.087500
