0 0.084583 0.700000 0.125833 0.147500
0 0.135000 0.657500 0.103333 0.120000
0 0.188333 0.622500 0.043333 0.045000
0 0.240000 0.603750 0.041667 0.042500
0 0.270833 0.630000 0.070000 0.072500
0 0.419583 0.655625 0.109167 0.166250
0 0.372917 0.581875 0.052500 0.043750
0 0.408333 0.570000 0.033333 0.027500
0 0.492083 0.605000 0.034167 0.065000
0 0.517500 0.576250 0.030000 0.045000
0 0.491667 0.559375 0.033333 0.031250
0 0.464583 0.559375 0.032500 0.031250
0 0.426667 0.540625 0.031667 0.026250
0 0.434583 0.522500 0.027500 0.025000
0 0.380000 0.505000 0.018333 0.020000
0 0.524167 0.544375 0.036667 0.048750
0 0.509167 0.531250 0.015000 0.020000
0 0.577917 0.550625 0.052500 0.048750
0 0.607083 0.579375 0.082500 0.056250
0 0.645417 0.644375 0.070833 0.098750
0 0.722500 0.584375 0.066667 0.116250
0 0.697083 0.554375 0.064167 0.063750
0 0.634167 0.534375 0.021667 0.033750
0 0.830833 0.599375 0.085000 0.088750
0 0.957500 0.505625 0.030000 0.046250
0 0.925417 0.491250 0.025833 0.035000
0 0.880417 0.490625 0.035833 0.041250
0 0.819167 0.501875 0.023333 0.026250
0 0.752500 0.500625 0.020000 0.023750
0 0.727917 0.495000 0.014167 0.017500
